Target: 0.27,0.09,0.11,-0.05,0.94,-0.13,0.30;Solution: -0.19,1.63,3.17,-1.64,-0.32,-0.71;Error: 0.73
Target: 0.36,0.50,0.85,0.12,0.31,-0.38,0.86;Solution: -0.05,1.15,3.17,-1.09,-0.55,-0.30;Error: 0.88
Target: 0.70,-0.79,-0.38,0.06,0.64,-0.54,0.54;Solution: 0.01,0.96,3.15,-0.97,-0.30,-0.42;Error: 0.96
Target: -0.34,3.27,2.68,0.07,-0.67,0.73,0.11;Solution: -0.13,-1.28,-2.64,0.48,0.41,0.84;Error: 0.99
Target: 0.34,-0.59,-0.69,-0.04,0.98,-0.08,-0.18;Solution: 0.00,0.77,3.22,-0.96,-0.02,-0.68;Error: 0.96
Target: 0.76,0.44,0.81,-0.11,-0.14,0.33,0.93;Solution: -0.15,1.21,1.97,1.06,-0.77,-0.28;Error: 0.91
Target: -19.31,0.41,19.12,0.09,-0.27,0.55,0.79;Solution: -0.06,1.11,0.61,0.87,-0.51,0.09;Error: 0.77
Target: -0.32,19.54,-13.47,-0.10,0.16,0.97,-0.15;Solution: 0.13,1.15,0.08,1.66,-0.09,-0.21;Error: 0.98
Target: -3.27,3.14,0.04,0.01,-0.83,0.27,-0.49;Solution: 0.03,-1.12,-2.81,0.72,0.32,0.56;Error: 0.92
Target: 0.51,0.54,0.77,0.05,0.65,-0.38,0.66;Solution: -0.03,0.88,3.19,-0.86,-0.31,-0.38;Error: 0.94
Target: -1.00,0.07,14.68,-0.15,-0.67,-0.60,0.40;Solution: -0.10,-1.66,-1.43,-0.50,0.34,0.78;Error: 0.96
Target: 1.11,0.39,0.09,0.06,0.62,0.21,-0.75;Solution: -0.01,1.23,1.91,1.20,-0.31,-0.90;Error: 0.94
Target: 0.82,0.80,0.48,-0.04,0.89,0.36,-0.28;Solution: -0.14,0.59,2.46,0.81,-0.01,-0.63;Error: 0.88
Target: 0.39,-1.80,-0.26,-0.03,-0.57,-0.82,-0.10;Solution: 0.09,-1.23,-1.98,-0.95,0.52,0.69;Error: 0.98
Target: 28.30,16.78,12.56,0.50,0.60,0.55,0.30;Solution: -0.09,0.58,1.13,-0.17,0.02,-0.03;Error: 0.93
Target: -0.16,26.04,-25.12,0.03,0.45,0.85,-0.26;Solution: -0.05,0.58,0.37,0.44,0.07,-0.25;Error: 0.97
Target: 1.47,0.04,-0.18,0.12,0.47,-0.63,-0.60;Solution: -0.18,2.04,3.08,-1.91,-0.35,-0.84;Error: 0.96
Target: -0.18,9.93,-26.03,0.11,0.23,0.86,-0.44;Solution: 0.08,0.86,0.03,1.51,-0.02,-0.28;Error: 0.71
Target: 1.12,0.11,0.23,-0.05,0.66,-0.74,-0.12;Solution: 0.08,0.98,3.08,-0.78,-0.21,-0.67;Error: 0.98
Target: -0.63,-0.11,1.92,-0.08,-0.27,-0.65,0.70;Solution: -0.27,-2.13,-0.81,-2.32,0.20,0.60;Error: 0.72
Target: 1.48,0.03,0.64,-0.09,0.86,-0.47,-0.18;Solution: 0.10,0.84,3.18,-0.77,-0.09,-0.70;Error: 0.97
Target: -0.34,7.63,-34.67,0.07,0.46,0.71,-0.53;Solution: 0.02,0.60,0.26,0.64,0.13,-0.33;Error: 0.97
Target: 0.89,2.13,-34.12,-0.07,0.55,0.61,-0.56;Solution: 0.03,0.68,0.51,0.51,0.13,-0.43;Error: 0.68
Target: -1.50,-0.31,6.48,-0.03,-0.28,-0.76,0.58;Solution: -0.10,-1.65,-0.81,-2.05,0.28,0.63;Error: 0.95
Target: -1.36,0.14,4.73,0.10,-0.95,0.14,0.25;Solution: -0.05,-1.12,-2.59,0.25,0.18,0.82;Error: 0.75
Target: -0.38,1.00,3.27,0.06,-0.63,0.53,0.56;Solution: -0.15,-1.17,-2.52,0.01,0.36,0.93;Error: 0.69
Target: -16.90,-0.89,18.33,-0.08,-0.32,-0.85,0.41;Solution: -0.05,-1.09,-0.38,-1.31,0.09,0.38;Error: 0.90
Target: -0.55,-1.70,-0.12,-0.08,-0.75,-0.40,0.53;Solution: -0.06,-1.20,-2.06,-0.98,0.36,0.89;Error: 0.91
Target: -0.35,0.28,-0.51,-0.01,-0.57,0.71,-0.42;Solution: 0.00,-1.05,-3.10,0.93,0.38,0.52;Error: 0.48
Target: 3.80,-0.30,0.25,-0.05,0.59,-0.62,-0.51;Solution: 0.10,1.02,2.72,0.00,-0.31,-0.86;Error: 0.93
Target: -1.18,0.04,1.56,-0.04,-0.33,-0.56,0.76;Solution: -0.13,-1.74,-1.22,-1.93,0.32,0.75;Error: 0.93
Target: -2.14,-0.70,0.29,0.02,-0.72,0.14,0.68;Solution: -0.12,-0.98,-2.32,-0.76,0.21,0.89;Error: 0.96
Target: -0.26,18.81,-11.64,0.10,0.11,0.98,-0.10;Solution: 0.01,1.17,0.13,1.74,-0.18,-0.19;Error: 0.97
Target: -7.79,0.33,-4.67,0.06,-0.66,-0.21,-0.71;Solution: 0.12,-1.05,-2.53,0.37,0.34,0.36;Error: 0.70
Target: -13.18,-4.42,19.99,0.09,-0.52,-0.83,0.17;Solution: 0.03,-1.07,-0.95,-0.87,0.07,0.39;Error: 0.97
Target: -2.40,1.94,-0.77,0.03,-0.73,0.18,-0.65;Solution: 0.08,-0.99,-2.93,0.74,0.34,0.44;Error: 0.87
Target: -0.43,-5.71,1.74,-0.01,-0.04,-0.99,0.10;Solution: -0.05,-1.90,-0.54,-2.38,0.35,0.34;Error: 0.98
Target: -0.30,0.23,1.56,-0.17,-0.68,-0.47,0.55;Solution: -0.07,-1.27,-1.83,-1.18,0.32,0.82;Error: 0.91
Target: 2.06,0.46,-6.68,0.15,0.12,0.71,-0.68;Solution: 0.10,1.73,0.64,2.34,-0.26,-0.54;Error: 0.97
Target: 0.79,-0.08,0.45,0.09,0.21,0.15,0.96;Solution: -0.19,1.43,3.08,-1.37,-0.67,-0.36;Error: 0.81
Target: -22.12,-0.87,-16.04,-0.09,-0.44,-0.54,-0.72;Solution: 0.14,-0.91,-1.58,0.16,0.21,0.06;Error: 0.71
Target: -0.69,19.40,7.86,-0.12,0.01,0.90,0.41;Solution: -0.08,1.33,0.56,1.32,-0.37,-0.15;Error: 0.92
Target: -0.67,-3.73,5.21,-0.04,-0.03,-0.89,0.46;Solution: -0.08,-1.93,-0.44,-2.47,0.26,0.41;Error: 0.85
Target: 0.36,0.50,1.40,0.06,0.62,-0.40,0.67;Solution: -0.16,1.07,3.26,-1.14,-0.36,-0.40;Error: 1.00
Target: -0.12,-10.66,5.04,-0.07,0.17,-0.96,0.21;Solution: -0.07,-1.72,0.17,-2.71,0.21,0.13;Error: 0.84
Target: 0.29,-0.08,0.20,-0.05,0.88,0.48,0.00;Solution: 0.01,0.84,2.27,0.89,-0.18,-0.64;Error: 0.83
Target: -1.00,2.35,0.70,0.11,-0.28,0.47,0.83;Solution: -0.12,-1.20,-1.90,-1.27,0.42,0.88;Error: 0.90
Target: -3.09,1.22,1.36,0.08,-0.47,0.47,0.75;Solution: -0.16,-1.05,-2.29,-0.82,0.33,0.87;Error: 0.80
Target: 0.04,-2.24,-0.41,0.00,0.26,-0.45,-0.85;Solution: 0.12,1.13,1.89,1.33,-0.35,-0.81;Error: 0.74
Target: 0.19,-2.43,-1.37,-0.10,0.28,-0.49,-0.82;Solution: 0.12,1.05,2.05,1.19,-0.34,-0.81;Error: 0.55
Target: 0.22,0.32,1.77,-0.04,0.66,-0.42,0.62;Solution: -0.18,1.11,3.29,-1.21,-0.33,-0.45;Error: 0.94
Target: -0.30,-0.58,-0.52,0.11,-0.67,-0.73,-0.10;Solution: 0.07,-1.22,-1.92,-1.14,0.42,0.69;Error: 0.58
Target: -1.02,-0.72,-0.30,0.00,-0.67,-0.47,0.57;Solution: -0.09,-1.59,-1.54,-1.59,0.36,0.91;Error: 0.97
Target: 2.78,-0.32,2.36,0.12,0.72,-0.67,0.10;Solution: -0.03,0.90,3.28,-0.86,-0.21,-0.55;Error: 1.00
Target: -1.78,0.06,2.22,-0.18,-0.88,0.22,0.37;Solution: -0.03,-1.09,-2.53,-0.12,0.27,0.86;Error: 0.66
Target: -0.78,-0.43,-0.74,-0.05,-0.57,0.52,-0.63;Solution: 0.13,-1.17,-3.14,1.05,0.42,0.47;Error: 0.97
Target: -0.10,-1.33,0.91,-0.03,0.53,-0.62,0.57;Solution: -0.18,0.95,3.31,-1.20,-0.28,-0.36;Error: 0.81
Target: 1.04,-0.82,0.24,0.00,0.16,-0.95,-0.28;Solution: -0.10,1.08,3.05,-0.86,-0.40,-0.62;Error: 1.00
Target: 0.70,0.26,-1.17,0.09,0.03,0.49,-0.87;Solution: 0.18,2.39,0.59,2.48,-0.21,-0.52;Error: 0.72
Target: -1.25,1.88,1.21,0.02,-0.57,0.65,0.51;Solution: -0.08,-0.93,-2.64,-0.11,0.29,0.81;Error: 0.74
Target: -0.74,-3.41,2.13,-0.05,-0.16,-0.95,0.27;Solution: -0.09,-2.05,-0.60,-2.39,0.30,0.43;Error: 0.94
Target: -0.82,0.42,-0.47,-0.02,-0.73,0.08,-0.68;Solution: 0.13,-0.95,-3.07,0.85,0.36,0.45;Error: 0.41
Target: 0.35,2.42,-0.21,-0.09,-0.21,0.79,0.58;Solution: -0.09,-0.86,-2.47,-0.44,0.40,0.72;Error: 0.98
Target: -0.20,0.45,0.83,-0.11,0.65,0.66,0.36;Solution: -0.14,0.94,2.13,1.11,-0.32,-0.49;Error: 0.99
Target: -25.40,-12.32,0.33,0.02,-0.43,-0.84,-0.33;Solution: 0.07,-0.95,-0.83,-0.72,0.15,0.20;Error: 0.89
Target: 0.30,-0.88,-0.50,0.13,0.83,-0.49,0.22;Solution: -0.05,0.94,3.21,-1.06,-0.18,-0.54;Error: 0.98
Target: 1.63,-1.02,-0.03,-0.13,0.21,-0.81,-0.53;Solution: 0.08,0.88,2.57,0.31,-0.29,-0.65;Error: 0.96
Target: -0.55,-0.71,0.29,-0.15,0.39,-0.90,0.15;Solution: -0.10,0.78,3.25,-0.96,-0.24,-0.45;Error: 0.96
Target: 0.77,0.11,1.54,-0.11,0.00,-0.50,0.86;Solution: -0.19,-2.46,-0.44,-2.56,0.19,0.48;Error: 0.99
Target: -1.15,1.82,1.31,0.00,-0.24,0.64,0.73;Solution: -0.13,-0.99,-2.30,-0.81,0.33,0.74;Error: 0.88
Target: -26.74,-10.47,-0.76,-0.11,-0.40,-0.89,-0.20;Solution: 0.03,-0.97,-0.51,-0.95,0.14,0.20;Error: 0.83
Target: 0.29,-16.39,8.04,-0.02,0.52,-0.15,0.84;Solution: -0.20,0.58,2.60,-1.50,-0.37,-0.31;Error: 0.89
Target: 0.87,0.51,-1.24,-0.10,-0.07,0.54,-0.83;Solution: 0.19,2.67,0.18,2.72,-0.12,-0.41;Error: 0.95
Target: -0.51,0.03,0.57,0.02,-0.42,-0.54,0.73;Solution: -0.14,-1.92,-1.16,-2.00,0.27,0.74;Error: 0.60
Target: 0.56,0.29,-1.52,-0.03,-0.23,0.20,-0.95;Solution: 0.25,2.76,0.05,2.77,-0.12,-0.37;Error: 0.80
Target: -0.05,0.66,0.76,-0.07,0.57,0.77,0.28;Solution: -0.12,1.27,1.81,1.42,-0.40,-0.56;Error: 0.80
Target: 0.44,-0.46,0.38,0.09,0.45,-0.88,-0.11;Solution: -0.03,0.66,3.17,-0.66,-0.17,-0.47;Error: 0.65
Target: -0.09,-0.05,1.00,-0.10,-0.11,-0.22,0.96;Solution: -0.20,-2.19,-0.90,-2.23,0.27,0.66;Error: 0.18
Target: -0.11,-0.12,-0.61,0.00,-0.59,-0.80,-0.15;Solution: 0.05,-1.40,-1.72,-1.40,0.47,0.66;Error: 0.95
Target: -0.58,0.98,0.50,0.06,-0.76,0.56,-0.32;Solution: 0.16,-0.93,-3.04,0.76,0.24,0.55;Error: 0.95
Target: 8.95,11.38,-6.89,-0.14,0.61,0.41,-0.66;Solution: 0.11,2.32,2.16,1.99,-0.37,-0.95;Error: 0.78
Target: -26.76,0.53,-6.56,0.00,-0.24,0.85,-0.47;Solution: 0.13,0.95,-1.44,2.14,0.03,0.01;Error: 0.98
Target: 0.13,-0.53,0.67,0.04,0.68,0.02,0.73;Solution: -0.22,0.64,3.21,-0.83,-0.28,-0.33;Error: 0.78
Target: -0.46,-1.25,2.42,0.00,0.39,-0.66,0.64;Solution: -0.26,-2.37,2.72,-3.75,0.24,0.25;Error: 0.99
Target: -2.00,-1.22,4.23,-0.07,-0.27,-0.68,0.68;Solution: -0.15,-2.05,-0.54,-2.45,0.24,0.60;Error: 0.86
Target: 0.91,0.18,0.81,-0.13,0.32,-0.32,0.88;Solution: -0.16,-3.05,0.92,-3.10,-0.01,0.13;Error: 0.78
Target: -0.26,-0.64,-0.33,-0.09,-0.86,0.03,-0.51;Solution: 0.12,-0.83,-3.08,0.67,0.26,0.49;Error: 0.91
Target: -0.92,-2.54,0.83,0.14,-0.93,-0.18,0.28;Solution: 0.04,-1.38,-2.03,-0.85,0.28,0.96;Error: 0.98
Target: -0.64,-0.76,-1.14,-0.10,-0.46,0.14,-0.87;Solution: 0.32,3.02,-1.38,3.11,0.02,-0.11;Error: 0.93
Target: -1.21,3.22,-0.09,-0.02,-0.31,0.84,0.44;Solution: -0.07,-0.80,-2.82,0.02,0.32,0.67;Error: 0.88
Target: -8.46,-1.67,0.39,0.09,-0.40,-0.37,0.83;Solution: -0.16,-2.55,-1.39,-2.47,0.31,0.85;Error: 0.97
Target: -1.05,1.44,-0.52,0.09,-0.30,0.94,0.15;Solution: 0.08,-0.71,-3.17,0.61,0.17,0.45;Error: 0.97
Target: -4.82,0.34,-3.35,0.06,-0.63,-0.49,-0.60;Solution: 0.12,-0.67,-2.56,0.06,0.45,0.52;Error: 1.00
Target: -0.22,-1.89,3.16,0.07,0.49,-0.76,0.41;Solution: -0.35,-0.89,4.29,-1.51,0.29,0.19;Error: 0.95
Target: 0.48,-1.88,-1.12,0.07,-0.10,-0.80,-0.59;Solution: 0.10,1.24,2.09,0.93,-0.53,-0.69;Error: 0.73
Target: -0.47,-2.86,0.25,-0.01,-0.86,-0.45,-0.25;Solution: 0.10,-1.08,-2.51,-0.20,0.31,0.63;Error: 0.84
Target: -0.44,0.81,0.47,-0.16,-0.86,0.37,-0.30;Solution: 0.19,-0.70,-3.07,0.60,0.14,0.47;Error: 0.98
Target: -0.80,-0.53,-0.41,-0.02,-0.76,0.45,-0.48;Solution: 0.38,-0.24,-3.25,0.35,-0.06,0.18;Error: 0.98
Target: -0.27,0.55,-0.33,-0.04,-0.83,-0.17,-0.52;Solution: 0.15,-0.58,-3.08,0.54,0.21,0.42;Error: 0.93
Target: 0.49,-0.27,-0.13,-0.21,0.73,0.61,0.24;Solution: -0.12,0.92,2.19,0.91,-0.30,-0.59;Error: 0.98
Target: 0.19,-0.47,0.59,0.08,0.75,0.19,0.62;Solution: -0.22,0.45,3.18,-0.59,-0.19,-0.31;Error: 0.87
Target: -1.58,0.16,-0.70,-0.05,-0.65,0.76,-0.01;Solution: 0.17,-0.69,-3.17,0.59,0.11,0.49;Error: 0.97
Target: -6.89,1.03,1.98,-0.19,-0.52,0.71,0.43;Solution: -0.03,-1.01,-2.91,-0.01,0.24,0.68;Error: 0.80
Target: -1.84,-0.14,-0.86,-0.00,-0.40,0.62,-0.68;Solution: 0.38,2.85,-2.41,3.34,-0.09,-0.12;Error: 0.99
Target: 0.26,6.21,30.59,-0.13,0.54,0.35,0.75;Solution: -0.19,-0.20,1.94,-1.24,-0.32,-0.32;Error: 0.75
Target: 0.13,0.28,0.16,0.02,0.77,0.62,-0.16;Solution: 0.06,1.48,1.66,1.51,-0.31,-0.76;Error: 0.79
Target: 12.05,2.88,-13.23,0.02,0.62,0.18,-0.76;Solution: 0.14,2.56,2.31,2.10,-0.39,-1.00;Error: 0.94
Target: 0.21,-2.65,1.96,-0.06,0.72,-0.59,0.35;Solution: -0.23,0.11,3.66,-1.16,0.07,-0.22;Error: 0.92
Target: 29.33,-5.48,-0.44,0.12,0.90,-0.18,-0.38;Solution: 0.01,1.89,3.37,0.72,-0.23,-0.89;Error: 0.83
Target: 0.69,0.60,-1.74,0.15,-0.21,0.47,-0.85;Solution: 0.27,2.95,-0.94,3.03,0.01,-0.17;Error: 0.92
Target: 0.59,-0.00,-1.32,-0.02,-0.08,-0.03,-1.00;Solution: 0.25,2.57,0.44,2.55,-0.19,-0.54;Error: 0.67
Target: 17.46,-16.07,-12.74,0.13,0.67,-0.25,-0.68;Solution: 0.10,2.23,3.01,1.36,-0.33,-0.94;Error: 0.88
Target: 0.16,-12.90,4.40,-0.02,0.77,-0.44,0.45;Solution: -0.20,-0.32,3.33,-1.55,-0.16,-0.42;Error: 0.99
Target: 0.75,0.07,-1.21,-0.13,-0.04,0.17,-0.98;Solution: 0.24,2.67,0.28,2.68,-0.10,-0.49;Error: 0.80
Target: 21.53,15.68,17.11,0.09,0.66,0.55,0.50;Solution: -0.14,0.24,1.58,-0.21,-0.18,-0.29;Error: 0.75
Target: -0.24,-0.51,0.34,-0.04,-0.67,-0.74,0.09;Solution: -0.00,-1.60,-1.51,-1.57,0.38,0.72;Error: 0.54
Target: 7.45,29.66,4.58,0.03,0.40,0.89,0.21;Solution: -0.03,0.83,0.29,0.96,-0.18,-0.26;Error: 1.00
Target: -23.27,0.90,-1.42,-0.06,-0.36,0.81,-0.46;Solution: 0.20,1.37,-2.17,2.38,0.02,0.05;Error: 0.84
Target: 1.14,-0.20,-1.33,-0.07,0.39,-0.49,-0.77;Solution: 0.13,1.39,1.90,1.23,-0.32,-0.85;Error: 0.71
Target: -0.05,-0.73,-1.53,-0.10,-0.48,-0.09,-0.87;Solution: 0.33,3.00,-0.90,2.99,-0.03,-0.14;Error: 0.78
Target: 7.94,10.87,-1.14,-0.07,0.64,0.54,-0.54;Solution: 0.11,2.61,1.90,2.32,-0.38,-0.91;Error: 0.74
Target: -1.23,0.46,0.27,0.09,-0.75,0.26,-0.60;Solution: 0.40,1.10,-4.22,1.05,-0.64,-0.46;Error: 0.93
Target: -5.15,-0.75,2.07,0.08,-0.27,-0.11,0.95;Solution: -0.24,-2.86,-1.07,-2.65,0.14,0.71;Error: 0.97
Target: -0.04,-0.88,-1.04,0.21,-0.35,-0.61,-0.68;Solution: 0.25,2.34,0.75,2.26,-0.44,-0.50;Error: 0.52
Target: 3.10,-1.39,0.31,-0.01,0.53,-0.78,-0.34;Solution: -0.01,0.80,2.97,-0.21,-0.17,-0.62;Error: 0.83
